4113 10.55 80.13 4.75 20.29 1.42 130.56 0 103.74 0
4114 10.55 76.01 6.46 17.92 1.78 133.65 0 98.88 0
4115 10.55 70.56 8.31 14.7 0 136.74 0 78.18 0
4116 10.55 63.68 10.49 10.94 1.31 139.42 0 48.74 0
4117 10.55 57.16 13.13 7.1 2.15 130.43 0.79 19.75 0
4118 10.55 48.19 16.1 4.8 1.71 103.55 16.15 1.85 0
4119 10.55 39.78 19.23 3.94 1.79 67.11 49.53 0 0
4120 10.55 30.64 22.33 3.25 2.55 30.69 88.23 0 0
4121 10.55 23.22 23.8 2.84 5.13 4.62 115.77 0 0
4122 10.55 17.11 25.09 3.09 6.91 0 118.49 0 0
4123 10.55 13.36 25.8 3.29 10.91 0 115.21 0 2.52
4124 10.55 9.99 24.11 3.54 15.62 0 100.6 0 22.34
4125 10.55 7.24 21.56 3.1 24.34 0 73.59 0 54.24
4126 10.55 5.31 18.89 3.46 33.33 0 42.74 0 85.44
4127 10.55 3.83 14.84 4.08 42.46 0 16 0 103.77
4128 10.55 2.75 12.05 4.41 49.62 0 1.25 0 103.75
4129 10.55 1.93 10.12 5.88 47.93 0 0 0 101.3
4130 10.55 1.23 7.08 7.93 45.96 0 0 0.34 96.86
4131 10.55 0.8 5.02 7.84 46.14 0 0 8.16 75.51
4132 10.55 0.36 3.62 10 36.44 0 0 25.8 42.33
4133 10.55 0 2 9.94 29.84 0 0 47.47 12.47
4134 10.55 0 1.19 12.67 21.27 0 0 67.7 0
4135 10.55 0 0.62 15.49 17.16 0 0 81.62 0
4136 10.55 0 0 17.05 10.75 0 0 84.11 0
4137 10.55 0 0 16.91 9.76 0 0 81.65 0
4138 10.55 0 0 17.44 9.28 0 0 79.2 0
4139 10.55 0 0 18.94 11.02 0.68 0 76.74 0
4140 10.55 0 0.04 18.21 12.3 -1 -1 -1 -1
4141 10.55 0 0.74 18.14 10.94 -1 -1 -1 -1
4142 10.55 0 0.86 17.48 9.66 -1 -1 -1 -1


8227 24.225 136.58 9.56 55.8 0.25 159.89 0 148.7 0
8228 24.225 132.55 12.15 48.68 0 161.77 0 146.09 0
8229 24.225 127.89 14.32 41.44 0 163.65 0 134.47 0
8230 24.225 123.35 17.72 34.72 0 165.54 0 115.97 0
8231 24.225 119.45 21.85 26.65 0.08 164.81 0 92.9 0
8232 24.225 112.31 27.24 21.23 0.23 158.26 0 67.69 0
8233 24.225 104.02 32.77 15.06 0 146.76 0.27 42.87 0
8234 24.225 95.34 39.42 11.02 0.19 131.29 7.98 21.07 0
8235 24.225 86.09 46.49 7.75 0 112.88 24.64 5.07 0
8236 24.225 75.35 54.6 5.06 0.27 92.59 47.86 0 0
8237 24.225 64.48 62.14 3.61 0.14 71.55 75.15 0 0
8238 24.225 54.31 67.99 2.9 0.1 50.94 103.91 0 0
8239 24.225 45.23 75.3 2.1 0.27 31.96 131.4 0 0
8240 24.225 36.12 81.64 1.34 0.82 15.9 154.8 0 0
8241 24.225 28.34 86.81 0.94 2.04 4.06 171.16 0 0
8242 24.225 22.03 92.03 0.8 2.01 0 173.19 0 0
8243 24.225 17.23 94.53 0.37 3.19 0 171.44 0 0
8244 24.225 13.25 95.09 0.55 4.74 0 169.69 0 0
8245 24.225 10.38 96.97 0.46 8.47 0 167.94 0 3.56
8246 24.225 7.89 96.21 0.3 9.74 0 165.75 0 16.68
8247 24.225 5.94 95.29 0.02 14.47 0 157.09 0 36.75
8248 24.225 4.66 91.39 0 20.24 0 141.67 0 60.98
8249 24.225 3.45 87.12 0 27.41 0 121.48 0 86.72
8250 24.225 2.6 80.54 0 35.42 0 98.43 0 111.41
8251 24.225 1.78 72.98 0 43.34 0 74.37 0 132.62
8252 24.225 1.18 64.82 0.01 52.9 0 51.05 0 147.99
8253 24.225 0.72 55.85 0.33 60.34 0 30.17 0 153.95
8254 24.225 0.28 47.65 0.92 65.79 0 13.33 0 152.2
8255 24.225 0 38.91 1.7 72.82 0 2.05 0 150.45
8256 24.225 0 31.46 3.41 74.57 0 0 0 148.7
8257 24.225 0 24.4 4.97 75.59 0 0 0 146.95
8258 24.225 0 18.83 7.1 75.47 0 0 0.05 145.15
8259 24.225 0 15.05 10.14 74.89 0 0 6.72 137.66
8260 24.225 0 11.56 14.78 72.44 0 0 22.25 122.39
8261 24.225 0 9.11 17.99 67.3 0 0 43.45 101.89
8262 24.225 0 7.14 22.63 61.57 0 0 67.25 78.62
8263 24.225 0 5.67 29.46 55.64 0 0 90.76 54.89
8264 24.225 0 4.28 33.53 49.27 0 0 111.21 32.93
8265 24.225 0 3.3 39.87 41.11 0 0 125.97 14.83
8266 24.225 0 2.27 45.64 33.59 0 0 131.2 2.59
8267 24.225 0 1.91 51.32 27.66 0 0 129.45 0
8268 24.225 0 1.49 55.86 22.22 0 0 127.7 0
8269 24.225 0 1.12 59.33 16.94 0 0 125.96 0
8270 24.225 0 0.62 61.94 12.62 0 0 123.34 0
8271 24.225 0 0.6 63.25 10.38 0 0 115.11 0
8272 24.225 0 0.35 65.71 7.1 0 0 101.98 0
8273 24.225 0.17 0 64.04 5.81 0.01 0 85.57 0
8274 24.225 0.41 0 63.03 4.27 5.07 0 67.44 0
8275 24.225 0.91 0 60.55 3.05 17.45 0 49.06 0
8276 24.225 1.46 0 56.28 2.55 34.6 0 31.81 0
8277 24.225 1.84 0 52.03 1.76 54.11 0 17 0
8278 24.225 2.35 0 48.48 1.35 73.71 0 5.85 0
8279 24.225 2.83 0.12 44.33 1.44 91.27 0 0 0
8280 24.225 3.46 0.09 40.9 1.22 -1 -1 -1 -1
8281 24.225 4.04 0.36 37.6 0.76 -1 -1 -1 -1
8282 24.225 4.5 0.5 33.77 0.76 -1 -1 -1 -1
8283 24.225 4.96 0.44 29.99 0.7 -1 -1 -1 -1
8284 24.225 5.21 0.52 26.61 0.01 -1 -1 -1 -1


8227 30.475 164.38 9.22 92.64 0.07 166.81 0 152.75 0
8228 30.475 161.42 12.17 79.73 0 168.78 0 139.39 0
8229 30.475 158.63 15.63 64.96 0.08 170.74 0 120.22 0
8230 30.475 152.64 19.99 50.62 0 172.7 0 97.19 0
8231 30.475 148.28 26.48 37.38 0.16 174.66 0 72.33 0
8232 30.475 140.58 33.59 26.11 0.8 176.53 0 47.78 0
8233 30.475 130.04 42.4 18.1 0.49 171.77 5.92 25.77 0
8234 30.475 118 53.5 12.61 0.97 157.92 21.91 8.63 0
8235 30.475 102.68 65.47 8.69 1.1 137.12 45.47 0 0
8236 30.475 86.95 79.86 6.48 1.28 111.6 73.96 0 0
8237 30.475 72.37 92.79 4.61 1.5 83.72 104.64 0 0
8238 30.475 56.2 104.83 3.58 1.15 55.92 134.65 0 0
8239 30.475 43.28 115.04 2.84 1.74 30.77 160.98 0 0
8240 30.475 32.23 124.76 1.97 2.31 10.91 180.53 0 0
8241 30.475 24.17 131.11 1.65 2.45 0 187.38 0 0
8242 30.475 18.25 133.27 1.24 3.4 0 187.38 0 0
8243 30.475 13.75 136.41 0.77 4.53 0 185.48 0 0
8244 30.475 10.36 137.16 0.6 5.91 0 183.59 0 0
8245 30.475 7.64 135.86 0.75 9.42 0 177.94 0 0
8246 30.475 5.78 131.79 0.76 13.7 0 165.41 0 0.89
8247 30.475 4.5 125.5 0.37 20.55 0 147.66 0 10.84
8248 30.475 3.4 117.62 0 29.56 0 126.3 0 29.37
8249 30.475 2.36 108.62 0.09 41.41 0 102.89 0 53.53
8250 30.475 1.66 98.44 0 54.07 0 78.91 0 80.45
8251 30.475 1.15 83.94 0 68.82 0 55.8 0 107.42
8252 30.475 0.77 70.44 0 83.7 0 34.91 0 131.81
8253 30.475 0.43 57.43 0 97.76 0 17.56 0 151.12
8254 30.475 0.02 45.44 0.23 109.54 0 4.98 0 162.96
8255 30.475 0 35.24 1.19 116.13 0 0 0 162.77
8256 30.475 0 26.74 2.59 120.8 0 0 0 160.88
8257 30.475 0 20.39 5.32 121.37 0 0 0 158.99
8258 30.475 0 14.69 9.14 119.05 0 0 0 155.15
8259 30.475 0 10.9 14.19 114.27 0 0 3.61 144.03
8260 30.475 0 7.85 21.16 106.43 0 0 19.77 127.14
8261 30.475 0 5.78 30.69 95.84 0 0 44.54 106.4
8262 30.475 0 4.09 39.67 82.02 0 0 73.32 83.68
8263 30.475 0 2.71 48.48 70.77 0 0 101.71 60.75
8264 30.475 0 2.02 57.46 58.57 0 0 125.53 39.28
8265 30.475 0 1.44 65.28 46.43 0 0 140.84 20.87
8266 30.475 0 0.71 71.63 35.76 0 0 141.95 7.04
8267 30.475 0 0.45 76.75 29.18 0 0 140.06 0
8268 30.475 0 0.22 79.08 23.03 0 0 136.54 0
8269 30.475 0 0.16 80.41 17.19 0 0 124.41 0
8270 30.475 0 0 78.17 14.27 3.12 0 105.41 0
8271 30.475 0.59 0 74.45 10.5 15.3 0 82.44 0
8272 30.475 1.45 0 69.57 8.81 33.82 0 58.21 0
8273 30.475 2.32 0 63.31 7.22 55.76 0 35.3 0
8274 30.475 3.89 0 56.67 6.12 78.35 0 16.17 0
8275 30.475 5.22 0 49.52 5.2 98.97 0 3.08 0
8276 30.475 6.59 0.03 44.1 4.17 115.15 0 0 0
8277 30.475 7.72 0.05 38.34 3.32 124.6 0 0 0
8278 30.475 8.63 0.09 33.27 3.02 123.64 0 0 0
8279 30.475 9.4 0 28.13 2.76 121.67 0 0 0
8280 30.475 9.45 0 24.31 1.97 -1 -1 -1 -1
8281 30.475 10.18 0.07 19.9 1.75 -1 -1 -1 -1
8282 30.475 10.02 0.07 16.65 1.44 -1 -1 -1 -1
8283 30.475 9.53 0.22 13.8 0.9 -1 -1 -1 -1
8284 30.475 9.82 0.34 11.14 0.73 -1 -1 -1 -1


8227 36.725 193.79 5.18 137.35 0 169.88 0 162.91 0
8228 36.725 190.73 6.96 119.99 0 171.88 0 146.29 0
8229 36.725 188.05 9 98.37 0 173.88 0 119.87 0
8230 36.725 184.31 11.54 75.02 0 175.88 0 87.91 0
8231 36.725 179.98 15.68 53.78 0 177.88 0 54.89 0
8232 36.725 173.38 22.04 35.84 0 179.88 0 25.49 0
8233 36.725 166.03 31.75 23.55 0 181.88 0 4.62 0
8234 36.725 154.49 43.54 15.69 0 183.68 4.55 0 0
8235 36.725 139.2 59.59 10.28 0 172.74 17.73 0 0
8236 36.725 120.09 78.35 6.33 0 145.74 37.74 0 0
8237 36.725 96.92 100.32 4.47 0 108.89 62.74 0 0
8238 36.725 75.63 118.81 3.1 0 68.7 90.76 0 0
8239 36.725 56.39 134.89 2 0 31.94 119.77 0 0
8240 36.725 40.12 148.22 1.65 0 5.67 147.64 0 0
8241 36.725 29.13 155.99 1.19 0.41 0 172.16 0 0
8242 36.725 21.18 159.66 0.76 1.57 0 189.11 0 0
8243 36.725 15.48 162.07 0.56 3.16 0 193.68 0 0
8244 36.725 10.83 162.45 0.33 5.27 0 191.7 0 0
8245 36.725 7.62 161.49 0.22 8.68 0 189.73 0 0
8246 36.725 5.73 157.9 0.07 14.8 0 187.75 0 0
8247 36.725 3.83 152.67 0 24.28 0 185.16 0 6.2
8248 36.725 2.79 144.47 0 37.82 0 174.21 0 24.21
8249 36.725 1.99 132.68 0 53.63 0 154.78 0 50.14
8250 36.725 1.22 116.72 0 74.13 0 129.62 0 80.22
8251 36.725 0.7 97.61 0 95.89 0 101.34 0 110.81
8252 36.725 0.24 78.43 0 117.02 0 72.49 0 138.47
8253 36.725 0.11 58.99 0 136.13 0 45.48 0 159.87
8254 36.725 0 43.05 0 149.68 0 22.61 0 171.86
8255 36.725 0 30.49 1.33 157.06 0 6.09 0 169.97
8256 36.725 0 21.05 4.3 159.2 0 0 0 167.99
8257 36.725 0 14.98 10.48 156.38 0 0 6.06 166.01
8258 36.725 0 10.31 19.02 149.96 0 0 27.29 163.99
8259 36.725 0 7.22 31.2 136.46 0 0 57.8 155.19
8260 36.725 0 5.23 45.34 118.34 0 0 91.55 137.07
8261 36.725 0 3.79 61.3 99.36 0 0 122.78 112.82
8262 36.725 0 2.75 75.71 81.61 0 0 146.01 85.46
8263 36.725 0 1.92 90.02 62.85 0 0 154.15 57.88
8264 36.725 0 1.36 100.38 48.55 0 0 152.18 32.84
8265 36.725 0 0.98 106.63 37.76 0 0 150.18 12.94
8266 36.725 0 0.57 110.61 29.01 0 0 141.92 0.65
8267 36.725 0 0.34 109.13 21.74 0 0 124.79 0
8268 36.725 0.42 0.27 105.78 16.24 0 0 101.91 0
8269 36.725 1.93 0.21 98.74 11.82 4.24 0 76.23 0
8270 36.725 4.25 0.08 88.7 9.01 17.69 0 50.58 0
8271 36.725 6.79 0.07 78.71 6.69 37.32 0 27.61 0
8272 36.725 10.62 0.13 69.42 5.4 60.16 0 9.83 0
8273 36.725 14.19 0.29 59.27 4.44 83.38 0 0 0
8274 36.725 17.36 0.27 50.82 3.8 104.32 0 0 0
8275 36.725 20.07 0.3 42.26 3.08 120.48 0 0 0
8276 36.725 22.89 0.37 35.34 2.46 129.51 0 0 0
8277 36.725 24.23 0.29 28.92 2.06 127.91 0 0 0
8278 36.725 24.7 0.28 24.22 1.63 125.91 0 0 0
8279 36.725 24.38 0.15 19.02 1.6 123.33 0 0 0
8280 36.725 23.38 0.22 15.15 1.44 -1 -1 -1 -1
8281 36.725 21.71 0.05 12.24 1.4 -1 -1 -1 -1
8282 36.725 19.83 0.02 8.6 1.17 -1 -1 -1 -1
8283 36.725 17.5 0 5.79 0.69 -1 -1 -1 -1
8284 36.725 14.77 0 3.69 0.48 -1 -1 -1 -1


8227 42.975 201.48 5.06 176.19 0 135.28 0 163.11 0
8228 42.975 201.18 6.09 159.44 0 136.88 0 145.09 0
8229 42.975 199.62 7.89 131.7 0 138.47 0 117.9 0
8230 42.975 199.76 10.79 100.07 0 140.06 0 85.72 0
8231 42.975 199.08 15.03 68.15 0.26 141.67 0 52.91 0
8232 42.975 197.37 21.13 42.46 0.44 146.31 3.41 24.03 0
8233 42.975 194.52 31.74 23.75 1.55 154.88 15.2 3.87 0
8234 42.975 185.34 46.52 13.94 1.38 165.49 33.83 0 0
8235 42.975 172.92 67.56 7.81 1.16 176.18 57.56 0 0
8236 42.975 155.09 92.09 4.94 1.54 184.92 84.55 0 0
8237 42.975 129.31 120.58 2.97 1.06 189 112.9 0 0
8238 42.975 103.12 147.02 2.01 0.93 149.24 140.61 0 0
8239 42.975 78.35 165.82 1.56 1.47 108.12 165.61 0 0
8240 42.975 54.03 178.12 1.25 2.04 63.55 185.74 0 0
8241 42.975 36.37 185.18 1.22 3.61 24.53 198.03 0 0
8242 42.975 24.88 190.17 0.77 4.61 0.45 198.03 0 0
8243 42.975 16.93 192.56 0.39 6.02 0 196.03 0 0
8244 42.975 11.36 194.16 0.31 8.15 0 194.03 0 0
8245 42.975 7.86 192.41 0.13 12.52 0 192.03 0 0.01
8246 42.975 5.6 190.27 0 19.24 0 185.85 0 7.82
8247 42.975 3.65 185.02 0 30.5 0 170.45 0 27.3
8248 42.975 2.52 175.76 0 45.97 0 148.3 0 54.46
8249 42.975 1.6 162.51 0 64.87 0 121.83 0 85.47
8250 42.975 0.97 144.95 0 92.43 0 93.41 0 116.65
8251 42.975 0.43 122.3 0 123.41 0 65.29 0 144.47
8252 42.975 0.14 96.92 0 149.66 0 39.63 0 165.57
8253 42.975 0 71.45 0 171.48 0 18.49 0 176.03
8254 42.975 0 49.75 0 185.62 0 3.85 0 174.03
8255 42.975 0 33.49 0.03 192.35 0 0 0 172.03
8256 42.975 0 22.69 3.17 193.72 0 0 0.18 170.03
8257 42.975 0 15.5 9.67 186.77 0 0 13.11 158.5
8258 42.975 0 10.89 20.38 175.7 0 0 40.96 129.76
8259 42.975 0 7.67 38.28 158.92 0 0 76.28 91.92
8260 42.975 0 5.55 61.26 137.31 0 0 111.98 52.82
8261 42.975 0 3.97 88.21 112.66 0 0 141.31 19.94
8262 42.975 0 2.81 111.38 87.19 0 0 157.81 0.36
8263 42.975 0 2.24 129.75 67.55 0 0 156.03 0
8264 42.975 0 1.93 141 51.31 0 0 154.03 0
8265 42.975 0 1.46 148.07 38.96 0 0 152.03 0
8266 42.975 0 1.23 152.34 29.15 0 0 147.8 0
8267 42.975 0.37 0.91 151.33 22.41 0 0 132.32 0
8268 42.975 3.05 0.74 143.83 17.03 2.96 0 108.32 0
8269 42.975 6.62 0.63 132.18 13.11 17.64 0 79.95 0
8270 42.975 11.56 0.64 116.44 9.82 40.55 0 51.14 0
8271 42.975 18.66 0.66 97.22 8.22 67.3 0 25.61 0
8272 42.975 25.56 0.73 77.42 7 93.75 0 6.88 0
8273 42.975 32.68 0.73 60.98 6.37 115.95 0 0 0
8274 42.975 40.37 0.69 46.91 5.53 130.24 0 0 0
8275 42.975 45.92 0.79 37.93 5.27 131.31 0 0 0
8276 42.975 50.42 0.76 29.27 4.75 129.31 0 0 0
8277 42.975 52.85 0.71 23.47 4.11 127.33 0 0 0
8278 42.975 54.11 0.53 18.76 3.31 123.2 0 0 0
8279 42.975 52.83 0.44 14.84 2.78 100.41 0 0 0
8280 42.975 48.38 0.37 11.22 2.11 -1 -1 -1 -1
8281 42.975 43.86 0.14 8.45 1.92 -1 -1 -1 -1
8282 42.975 37.76 0.09 5.72 1.13 -1 -1 -1 -1
8283 42.975 30.75 0 3.65 0.89 -1 -1 -1 -1
8284 42.975 25.57 0 2.3 0.5 -1 -1 -1 -1


8227 49.225 193.06 4.05 189.53 0 131.58 0 165.83 0
8228 49.225 191.9 5.53 168.02 0 133.13 0 150.93 0
8229 49.225 192.19 7.64 136.05 0 134.68 0 121.2 0
8230 49.225 193.34 11.03 98.32 0 136.23 0 83.58 0
8231 49.225 192.71 16.77 60.65 0 137.77 0 45.38 0
8232 49.225 192.3 24.81 33.69 0.14 145.57 0 14.22 0
8233 49.225 189.45 37.81 17.73 0.3 161.4 6.26 0 0
8234 49.225 182.54 56.58 9.12 0.32 175.83 25.26 0 0
8235 49.225 169.05 83.08 5.25 0.07 179.96 53.47 0 0
8236 49.225 149 118.08 3.34 0 181.89 87.1 0 0
8237 49.225 121.56 149.21 2.3 0 156.53 122.24 0 0
8238 49.225 93.58 171.9 1.9 0 91.78 154.75 0 0
8239 49.225 65.43 187.83 1.75 0.49 25.5 180.36 0 0
8240 49.225 42.33 195.35 1.72 1.63 0 192.54 0 0
8241 49.225 28.33 198.66 1.46 2.71 0 194.51 0 0
8242 49.225 18.48 203.18 1.46 3.17 0 194.51 0 0
8243 49.225 12.57 205.91 1.23 4.86 0 192.54 0 0
8244 49.225 8.56 205.12 1.06 8.34 0 190.58 0 0
8245 49.225 5.94 202.57 0.81 16.03 0 185.84 0 5.39
8246 49.225 3.76 197.99 0.67 27.71 0 170.66 0 23.81
8247 49.225 2.4 189.88 0.49 42.62 0 147.39 0 51.07
8248 49.225 1.47 176.29 0.09 62.49 0 119.09 0 82.9
8249 49.225 0.85 159.83 0 86.88 0 88.65 0 115.18
8250 49.225 0.43 139.81 0 122.69 0 58.89 0 143.97
8251 49.225 0.12 112.8 0 157.31 0 32.47 0 165.51
8252 49.225 0 83.74 0 181.91 0 11.96 0 174.86
8253 49.225 0 59.25 0 198.1 0 0 0 172.9
8254 49.225 0 40.23 0 204.16 0 0 0 170.93
8255 49.225 0 25.72 1.16 207.46 0 0 0 168.94
8256 49.225 0 17.42 5.64 204.18 0 0 0.68 155.61
8257 49.225 0 11.63 15.54 196.55 0 0 15.45 126.8
8258 49.225 0 7.66 33.77 180.97 0 0 43.91 89.96
8259 49.225 0 5.25 60.78 156.84 0 0 78.88 52.23
8260 49.225 0 3.62 92.24 124.87 0 0 113.5 20.39
8261 49.225 0 2.48 122.45 95.04 0 0 141.23 0.91
8262 49.225 0 1.81 142.68 69.17 0 0 155.21 0
8263 49.225 0 1.6 157.46 50.29 0 0 153.25 0
8264 49.225 0 1.05 165.87 36.81 0 0 151.28 0
8265 49.225 0 0.87 168.34 27.76 0 0 149.22 0
8266 49.225 0.58 0.48 166.22 20.05 0.55 0 138.97 0
8267 49.225 3.04 0.22 156.81 15.37 12.78 0 118.42 0
8268 49.225 7.13 0.19 141.59 12.16 36.47 0 91.74 0
8269 49.225 13.83 0.11 122.27 9.6 65.75 0 62.94 0
8270 49.225 21.79 0.25 98 7.65 95.04 0 35.79 0
8271 49.225 31.5 0.27 75.64 6.37 119.08 0 13.88 0
8272 49.225 40.86 0.45 55 5.76 132.89 0 0.56 0
8273 49.225 50.07 0.51 40.16 5.11 131.58 0 0 0
8274 49.225 57.06 0.65 30.55 4.38 129.65 0 0 0
8275 49.225 63.39 0.64 23.01 3.7 127.71 0 0 0
8276 49.225 68.69 0.72 18.14 2.94 125.78 0 0 0
8277 49.225 71.72 0.65 14.4 2.46 123.84 0 0 0
8278 49.225 70.61 0.59 11.61 1.85 116.06 0 0 0
8279 49.225 68.01 0.43 8.78 1.33 89.98 0 0 0
8280 49.225 62.27 0.31 6.61 0.65 -1 -1 -1 -1
8281 49.225 54.62 0.16 5.17 0.32 -1 -1 -1 -1
8282 49.225 46.2 0 3.55 0.16 -1 -1 -1 -1
8283 49.225 37 0 1.98 0 -1 -1 -1 -1
8284 49.225 29.1 0 0.64 0 -1 -1 -1 -1


8227 55.475 185.35 4.09 186.17 0 124.8 0 158.54 0
8228 55.475 182.05 5.61 163.18 0 126.27 0 141.1 0
8229 55.475 184.41 8.28 127.66 0 127.74 0 103.15 0
8230 55.475 184.76 11.98 92.73 0 129.21 0 57.55 0
8231 55.475 187.6 17.65 55.25 0.16 130.67 0 17.76 0
8232 55.475 190.3 27.03 30.16 0.27 136.85 0 0 0
8233 55.475 190.27 41.27 15.77 0.21 149.59 8.31 0 0
8234 55.475 188.58 61.99 8.13 0.1 163.05 30.77 0 0
8235 55.475 181.79 91.8 4.19 0 170.68 62.65 0 0
8236 55.475 162.76 126.15 2.52 0 172.52 99.01 0 0
8237 55.475 137.45 157.6 1.66 0 148.44 134.68 0 0
8238 55.475 105.88 182.6 1.2 0 76.77 164.27 0 0
8239 55.475 75.32 199.01 1.29 0.3 10.69 181.34 0 0
8240 55.475 48.59 204.37 1.11 1.56 0 183.21 0 0
8241 55.475 30.76 206.24 1.24 2.69 0 185.08 0 0
8242 55.475 19.67 209.99 1.2 3.37 0 185.08 0 0
8243 55.475 12.82 211.15 1.07 4.87 0 183.21 0 0
8244 55.475 8.31 208.2 0.67 9.06 0 181.34 0 7.53
8245 55.475 5.92 203.84 0.26 17.85 0 179.47 0 30.03
8246 55.475 3.7 197.39 0.2 29.06 0 170.13 0 61.73
8247 55.475 2.56 187.26 0.11 42.78 0 144.85 0 96.96
8248 55.475 1.83 169.17 0 60.11 0 110.02 0 130.29
8249 55.475 1.19 151.81 0 84.29 0 71.97 0 156.51
8250 55.475 0.72 133.02 0 116.78 0 36.76 0 170.12
8251 55.475 0.42 106.45 0 148.3 0 10.2 0 168.25
8252 55.475 0.15 79.22 0 171.6 0 0 0 166.38
8253 55.475 0.18 56.81 0 188.43 0 0 0 164.5
8254 55.475 0 37.4 0 197.98 0 0 0 155.42
8255 55.475 0 24.06 2.47 199.57 0 0 1.3 135.58
8256 55.475 0 15.88 8.76 195.68 0 0 18.52 108.89
8257 55.475 0 10.3 21.38 186.22 0 0 49.25 79.09
8258 55.475 0 6.64 39.97 168.3 0 0 85.44 49.77
8259 55.475 0 4.35 68.32 142.59 0 0 119.4 24.33
8260 55.475 0 3.19 101.21 116.47 0 0 143.83 6.03
8261 55.475 0 2.11 124.14 89.65 0 0 149.56 0
8262 55.475 0 1.49 140.36 61.74 0 0 147.69 0
8263 55.475 0 1.1 151.41 44.48 0 0 145.82 0
8264 55.475 0 0.84 155.68 33.11 1.26 0 141.59 0
8265 55.475 0 0.52 156.45 23.91 13.59 0 126.84 0
8266 55.475 1.4 0.14 151.46 17.57 35.19 0 104.28 0
8267 55.475 4.07 0.02 140.67 13.05 61.51 0 77.66 0
8268 55.475 8.7 0 123.46 9.73 88.19 0 50.5 0
8269 55.475 17.54 0 104.36 7.6 111.11 0 26.2 0
8270 55.475 28.19 0 82.18 6.15 126.38 0 7.92 0
8271 55.475 40.93 0 59.81 5.53 128.47 0 0 0
8272 55.475 54.85 0.25 41.41 5.03 126.64 0 0 0
8273 55.475 66.33 0.4 30.87 4.36 124.8 0 0 0
8274 55.475 77.32 0.35 22.28 3.9 122.97 0 0 0
8275 55.475 85.75 0.39 16.89 3.06 121.13 0 0 0
8276 55.475 90.02 0.4 12.94 2.52 119.29 0 0 0
8277 55.475 92.07 0.25 9.82 1.74 110.37 0 0 0
8278 55.475 89.68 0.27 7.5 1.58 83.94 0 0 0
8279 55.475 81.36 0.25 5.92 1.05 50.11 0 0 0
8280 55.475 71.53 0.02 4.4 0.75 -1 -1 -1 -1
8281 55.475 60.71 0 3.28 0.81 -1 -1 -1 -1
8282 55.475 48.02 0 2.02 0.23 -1 -1 -1 -1
8283 55.475 36.41 0 1.17 0 -1 -1 -1 -1
8284 55.475 26.81 0 0.35 0 -1 -1 -1 -1


8227 61.725 169.21 4.16 193.54 0 114.94 0 145.74 0
8228 61.725 167.37 5.44 164.81 0 116.29 0 138.57 0
8229 61.725 164.45 7.5 128.09 0 117.64 0 108.05 0
8230 61.725 165.33 11.09 89.03 0 119 0 65.86 0
8231 61.725 163.99 16.03 49.95 0.53 120.35 0 25.28 0
8232 61.725 168.42 25.32 26.5 0.62 126.03 0 0.19 0
8233 61.725 177.23 40.61 13.01 0.24 138.87 9.98 0 0
8234 61.725 181.62 64.97 6.62 0 151.84 36.71 0 0
8235 61.725 174.85 98.35 3.75 0 157.2 73.14 0 0
8236 61.725 153.81 131.61 2.21 0 158.89 111.9 0 0
8237 61.725 125.2 158.59 1.71 0 146.45 145.31 0 0
8238 61.725 93.71 184.87 1.37 0 66.53 164.6 0 0
8239 61.725 62.14 193.79 1.5 1.39 0.06 166.31 0 0
8240 61.725 40.22 195.08 1.49 2.45 0 168.03 0 0
8241 61.725 25.86 200.35 1.4 3.01 0 169.74 0 0
8242 61.725 17.25 205.41 1.26 3.79 0 162.39 0 0
8243 61.725 11.07 204.79 1.25 6.01 0 139.32 0 0.03
8244 61.725 7.48 198.78 1.04 13.24 0 107.73 0 8.93
8245 61.725 5.33 190.32 0.66 26.2 0 72.93 0 30.16
8246 61.725 3.52 178.1 0.67 40.67 0 40.02 0 58.8
8247 61.725 2.76 154.74 0.34 53.54 0 13.91 0 90.15
8248 61.725 1.92 134.82 0 70.22 0 0 0 119.67
8249 61.725 1.54 118.38 0 97.58 0 0 0 143.02
8250 61.725 1.11 100.01 0 132.25 0 0 0 156.02
8251 61.725 0.76 76.89 0 161.92 0 0 0 154.31
8252 61.725 0.58 56 0 184.69 0 0 0 152.59
8253 61.725 0.42 37.38 0 196.49 0 0 0 141.22
8254 61.725 0.15 23.61 2.19 193.58 0 0 0 114.35
8255 61.725 0.09 16.01 7.75 187.73 0 0 6.34 79.59
8256 61.725 0 10.44 18.73 180.96 0 0 41.45 44.23
8257 61.725 0 6.75 38.6 165.47 0 0 89.13 15.24
8258 61.725 0 4.62 65.64 142.4 0 0 129.2 0
8259 61.725 0 3.08 96.23 114.66 0 0 140.59 0
8260 61.725 0 2.27 126.13 85.23 0 0 138.88 0
8261 61.725 0 1.89 146.02 59.2 0 0 137.16 0
8262 61.725 0 1.58 156.39 44.13 0 0 131.04 0
8263 61.725 0 1.28 164.37 32.36 0 0 107.91 0
8264 61.725 0 0.93 161.22 22.87 0 0 74.86 0
8265 61.725 0.97 0.43 152.78 16.02 3.75 0 40.34 0
8266 61.725 3.41 0.31 136.9 11.52 18.57 0 12.37 0
8267 61.725 8.2 0.2 118.64 8.47 40.53 0 0 0
8268 61.725 16.18 0.1 99.22 6.32 65.4 0 0 0
8269 61.725 31.1 0.41 75.41 5.36 89.15 0 0 0
8270 61.725 45.9 0.56 53.42 4.78 107.99 0 0 0
8271 61.725 61.15 0.66 37.97 4.19 118.31 0 0 0
8272 61.725 76.98 0.56 26.53 3.67 116.63 0 0 0
8273 61.725 90.1 0.63 17.77 3.09 114.94 0 0 0
8274 61.725 104.89 0.6 12.22 1.98 113.25 0 0 0
8275 61.725 111.21 0.5 8.44 1.1 111.56 0 0 0
8276 61.725 114.63 0.31 6.18 0.54 109.81 0 0 0
8277 61.725 113.02 0.2 4.48 0.07 93.6 0 0 0
8278 61.725 106.44 0.04 2.67 0 61.49 0 0 0
8279 61.725 92.09 0.01 1.82 0 27.04 0 0 0
8280 61.725 74.43 0 0.87 0 -1 -1 -1 -1
8281 61.725 58.47 0 0.32 0 -1 -1 -1 -1
8282 61.725 42.6 0 0 0 -1 -1 -1 -1
8283 61.725 29.52 0 0 0 -1 -1 -1 -1
8284 61.725 19.94 0 0 0 -1 -1 -1 -1


8227 67.975 132.44 4.49 192.6 0 102 0 127.5 0
8228 67.975 129.75 5.41 160.36 0 103.2 0 119.47 0
8229 67.975 126.78 7.36 121.14 0 104.4 0 82.05 0
8230 67.975 126.36 10.44 81.38 0.13 105.6 0 35.05 0
8231 67.975 127.58 14.99 48.07 2.11 106.82 0 1.93 0
8232 67.975 131.02 23.34 26.05 2.49 114.67 2.02 0 0
8233 67.975 139.18 38.04 12.62 1.71 128.27 16.88 0 0
8234 67.975 151.87 65.83 6.21 0.33 138 42.19 0 0
8235 67.975 150.11 105.08 3.66 0.24 139.5 72.98 0 0
8236 67.975 130.83 136.67 2.66 0.18 134.13 104.05 0 0
8237 67.975 102.59 161.98 1.99 0.1 79.62 129.95 0 0
8238 67.975 73.14 183.51 1.87 0.44 15.91 144 0 0
8239 67.975 49.44 189.21 1.73 3.31 0 145.5 0 0
8240 67.975 30.11 192.33 1.85 4.53 0 147 0 0
8241 67.975 18.38 200.43 1.76 4.35 0 148.5 0 0
8242 67.975 10.73 203.13 1.66 4.78 0 148.5 0 0
8243 67.975 6.79 198.72 1.59 8.9 0 137.35 0 0
8244 67.975 4.38 189.32 1.14 21.93 0 101.86 0 0
8245 67.975 2.75 176.69 0.74 36.84 0 56.78 0 6.67
8246 67.975 1.68 152.94 0.33 49.43 0 17.35 0 36.27
8247 67.975 1.14 125.24 0.08 65.88 0 0 0 76.9
8248 67.975 0.82 109.19 0.09 83.64 0 0 0 114.99
8249 67.975 0.49 94.96 0 108.71 0 0 0 137.55
8250 67.975 0.26 75.9 0 135.76 0 0 0 136.5
8251 67.975 0.29 55.49 0 161.31 0 0 0 135
8252 67.975 0.28 36.74 0 178.79 0 0 0 133.5
8253 67.975 0 23.54 0.86 175.26 0 0 0 132
8254 67.975 0 15.88 5.84 165.93 0 0 0 121.9
8255 67.975 0 10.56 16.03 164.85 0 0 3.41 92.61
8256 67.975 0 6.75 34.38 153.46 0 0 20.68 55.25
8257 67.975 0 4.6 58.52 134.78 0 0 46.86 20.94
8258 67.975 0 3.08 84.85 110.04 0 0 75.76 0.31
8259 67.975 0 2.21 108.76 87.13 0 0 101.49 0
8260 67.975 0 1.87 132.72 61.05 0 0 118.43 0
8261 67.975 0 1.63 148.53 45.76 0 0 120 0
8262 67.975 0 1.37 156.28 33.81 0 0 118.5 0
8263 67.975 0 0.86 157.36 25.3 0 0 109.32 0
8264 67.975 0 0.4 149.27 17.66 0.83 0 86.46 0
8265 67.975 0.45 0.04 129.47 12.4 8.77 0 57.17 0
8266 67.975 2.63 0 111.86 8.71 22.96 0 28.38 0
8267 67.975 8.07 0 93.15 6.55 40.86 0 6.71 0
8268 67.975 18.66 0 73.68 5.65 60.02 0 0 0
8269 67.975 34.04 0.05 53.95 5.49 78.14 0 0 0
8270 67.975 51.67 0.2 36.18 4.93 93.03 0 0 0
8271 67.975 65.37 0.26 24.66 3.95 102.64 0 0 0
8272 67.975 79.57 0.27 16.36 3.25 103.5 0 0 0
8273 67.975 91.53 0 10.32 2.31 102 0 0 0
8274 67.975 102.27 0 6.64 1.63 100.5 0 0 0
8275 67.975 110.36 0 4.56 1.1 99 0 0 0
8276 67.975 110.78 0 2.59 0.17 95.35 0 0 0
8277 67.975 104.32 0 1.41 0.56 74.6 0 0 0
8278 67.975 92.44 0 0.5 0.15 43.95 0 0 0
8279 67.975 77.4 0 0.11 0.24 15.19 0 0 0
8280 67.975 58.24 0 0 0 -1 -1 -1 -1
8281 67.975 40.78 0 0 0 -1 -1 -1 -1
8282 67.975 27.65 0.24 0 0 -1 -1 -1 -1
8283 67.975 16.49 2.07 0 0 -1 -1 -1 -1
8284 67.975 10.22 3.39 0 0 -1 -1 -1 -1
